MNIST FFNN 10x80
Forward (100 inputs verified number):
0.0010    83    83
0.0012    78    81
0.0014    73    69
0.0016    65    64
0.0018    62    59
0.0020    56    53
0.0022    51    48
0.0024    45    40
0.0026    40    33
0.0028    33    27
0.0030    30    26
0.0032    22    21
0.0034    19    17
0.0036    16    14
0.0038    14    13
0.0040    14    13
0.0042    10    10
0.0044    6     6
Backward (100 inputs verified number):
0.010     83    81
0.012     72    66
0.014     61    58
0.016     50    45
0.018     40    37
0.020     32    27
0.022     16    14
0.024     11    10
0.026     10    7
0.028     5     3
0.030     1     1
